   300.00 1000.00000000000000 
   303.62 1000.00000000000000 
   307.23 1000.00000000000000 
   310.85 1000.00000000000000 
   314.47 1000.00000000000000 
   318.08 1000.00000000000000 
   321.70 1000.00000000000000 
   325.32 1000.00000000000000 
   328.93 1000.00000000000000 
   332.55 1000.00000000000000 
   336.17 1000.00000000000000 
   339.78 1000.00000000000000 
   343.40 1000.00000000000000 
   347.02 1000.00000000000000 
   350.64 1000.00000000000000 
   354.25 1000.00000000000000 
   357.87 1000.00000000000000 
   361.49 1000.00000000000000 
   365.10 1000.00000000000000 
   368.72 1000.00000000000000 
   372.34 1000.00000000000000 
   375.95 1000.00000000000000 
   379.57 1000.00000000000000 
   383.19 1000.00000000000000 
   386.80 1000.00000000000000 
   390.42 1000.00000000000000 
   394.04 1000.00000000000000 
   397.65 1000.00000000000000 
   401.27 1000.00000000000000 
   404.89 1000.00000000000000 
   408.50 1000.00000000000000 
   412.12 1000.00000000000000 
   415.74 1000.00000000000000 
   419.35 1000.00000000000000 
   422.97 1000.00000000000000 
   426.59 1000.00000000000000 
   430.21 1000.00000000000000 
   433.82 1000.00000000000000 
   437.44 1000.00000000000000 
   441.06 1000.00000000000000 
   444.67 1000.00000000000000 
   448.29 1000.00000000000000 
   451.91 1000.00000000000000 
   455.52 1000.00000000000000 
   459.14 1000.00000000000000 
   462.76 1000.00000000000000 
   466.37 1000.00000000000000 
   469.99 1000.00000000000000 
   473.61 1000.00000000000000 
   477.22 1000.00000000000000 
   480.84 1000.00000000000000 
   484.46 1000.00000000000000 
   488.07 1000.00000000000000 
   491.69 1000.00000000000000 
   495.31 1000.00000000000000 
   498.92 1000.00000000000000 
   502.54 1000.00000000000000 
   506.16 1000.00000000000000 
   509.78 1000.00000000000000 
   513.39 1000.00000000000000 
   517.01 1000.00000000000000 
   520.63 1000.00000000000000 
   524.24 1000.00000000000000 
   527.86 1000.00000000000000 
   531.48 1000.00000000000000 
   535.09 1000.00000000000000 
   538.71 1000.00000000000000 
   542.33 1000.00000000000000 
   545.94 1000.00000000000000 
   549.56 1000.00000000000000 
   553.18 1000.00000000000000 
   556.79 1000.00000000000000 
   560.41 1000.00000000000000 
   564.03 1000.00000000000000 
   567.64 1000.00000000000000 
   571.26 1000.00000000000000 
   574.88 1000.00000000000000 
   578.49 1000.00000000000000 
   582.11 1000.00000000000000 
   585.73 1000.00000000000000 
   589.35 1000.00000000000000 
   592.96 1000.00000000000000 
   596.58 1000.00000000000000 
   600.20 1000.00000000000000 
   603.81 1000.00000000000000 
   607.43 1000.00000000000000 
   611.05 1000.00000000000000 
   614.66 1000.00000000000000 
   618.28 1000.00000000000000 
   621.90 1000.00000000000000 
   625.51 1000.00000000000000 
   629.13 1000.00000000000000 
   632.75 1000.00000000000000 
   636.36 1000.00000000000000 
   639.98 1000.00000000000000 
   643.60 1000.00000000000000 
   647.21 1000.00000000000000 
   650.83 1000.00000000000000 
   654.45 1000.00000000000000 
   658.06 1000.00000000000000 
   661.68 1000.00000000000000 
   665.30 1000.00000000000000 
   668.91 1000.00000000000000 
   672.53 1000.00000000000000 
   676.15 1000.00000000000000 
   679.77 1000.00000000000000 
   683.38 1000.00000000000000 
   687.00 1000.00000000000000 
   690.62 1000.00000000000000 
   694.23 1000.00000000000000 
   697.85 1000.00000000000000 
   701.47 1000.00000000000000 
   705.08 1000.00000000000000 
   708.70 1000.00000000000000 
   712.32 1000.00000000000000 
   715.93 1000.00000000000000 
   719.55 1000.00000000000000 
   723.17 1000.00000000000000 
   726.78 1000.00000000000000 
   730.40 1000.00000000000000 
   734.02 1000.00000000000000 
   737.63 1000.00000000000000 
   741.25 1000.00000000000000 
   744.87 1000.00000000000000 
   748.48 1000.00000000000000 
   752.10 1000.00000000000000 
   755.72 1000.00000000000000 
   759.34 1000.00000000000000 
   762.95 1000.00000000000000 
   766.57 1000.00000000000000 
   770.19 1000.00000000000000 
   773.80 1000.00000000000000 
   777.42 1000.00000000000000 
   781.04 1000.00000000000000 
   784.65 1000.00000000000000 
   788.27 1000.00000000000000 
   791.89 1000.00000000000000 
   795.50 1000.00000000000000 
   799.12 1000.00000000000000 
   802.74 1000.00000000000000 
   806.35 1000.00000000000000 
   809.97 1000.00000000000000 
   813.59 1000.00000000000000 
   817.20 1000.00000000000000 
   820.82 1000.00000000000000 
   824.44 1000.00000000000000 
   828.05 1000.00000000000000 
   831.67 1000.00000000000000 
   835.29 1000.00000000000000 
   838.91 1000.00000000000000 
   842.52 1000.00000000000000 
   846.14 1000.00000000000000 
   849.76 999.99999998382134 
   853.37 999.99999996621443 
   856.99 999.99999993146423 
   860.61 999.99999986494731 
   864.22 999.99999974148398 
   867.84 999.99999951930374 
   871.46 999.99999913173417 
   875.07 999.99999847653135 
   878.69 999.99999740335193 
   882.31 999.99999570076193 
   885.92 999.99999308537429 
   889.54 999.99998919699283 
   893.16 999.99998360469692 
   896.77 999.99997582908816 
   900.39 999.99996538491371 
   904.01 999.99995184553052 
   907.62 999.99993492613748 
   911.24 999.99991457689214 
   914.86 999.99989107114243 
   918.48 999.99986506974869 
   922.09 999.99983764169485 
   925.71 999.99981022522377 
   929.33 999.99978452282846 
   932.94 999.99976233630582 
   936.56 999.99974536199682 
   940.18 999.99973497771396 
   943.79 999.99973205826154 
   947.41 999.99973685377449 
   951.03 999.99974895433968 
   954.64 999.99976734783888 
   958.26 999.99979055969436 
   961.88 999.99981684776014 
   965.49 999.99984441669085 
   969.11 999.99987161550587 
   972.73 999.99989708920270 
   976.34 999.99991986760722 
   979.96 999.99993938863315 
   983.58 999.99995546526782 
   987.19 999.99996821352204 
   990.81 999.99997796136086 
   994.43 999.99998515685468 
   998.04 999.99999028895638 
  1001.66 999.99999382830197 
  1005.28 999.99999618984862 
  1008.90 999.99999771504008 
  1012.51 999.99999866889061 
  1016.13 999.99999924673511 
  1019.75 999.99999958592366 
  1023.36 999.99999729638228 
  1026.98 999.99999478885809 
  1030.60 999.99998977869984 
  1034.21 999.99998028294704 
  1037.83 999.99996293621496 
  1041.45 999.99993227256971 
  1045.06 999.99987973594136 
  1048.68 999.99979255359449 
  1052.30 999.99965240399933 
  1055.91 999.99943422672766 
  1059.53 999.99910544122019 
  1063.15 999.99862603984889 
  1066.76 999.99795007396654 
  1070.38 999.99702901099965 
  1074.00 999.99581724240818 
  1077.61 999.99427964281278 
  1081.23 999.99240054586426 
  1084.85 999.99019290351157 
  1088.47 999.98770588426146 
  1092.08 999.98502892639192 
  1095.70 999.98229045541018 
  1099.32 999.97965017681884 
  1102.93 999.97728500288360 
  1106.55 999.97537004994058 
  1110.17 999.97405741934040 
  1113.78 999.97345629027541 
  1117.40 999.97361793036839 
  1121.02 999.97452847751697 
  1124.63 999.97611090234886 
  1128.25 999.97823576601752 
  1131.87 999.98073868977758 
  1135.48 999.98344126846473 
  1139.10 999.98617175379752 
  1142.72 999.98878224525640 
  1146.33 999.99116017683423 
  1149.95 999.99323325184446 
  1153.57 999.99496829410703 
  1157.18 999.99636546142438 
  1160.80 999.99744975375836 
  1164.42 999.99826174395264 
  1168.04 999.99884908253375 
  1171.65 999.99925975852909 
  1175.27 999.99953751096291 
  1178.89 999.99971930913932 
  1182.50 999.99983451680350 
  1186.12 999.99990522837459 
  1189.74 999.99994727682486 
  1193.35 999.99997150795753 
  1196.97 999.99998504300288 
  1200.59 999.99999237281929 
  1204.20 999.99999622182168 
  1207.82 999.99999818197568 
  1211.44 1000.00000000000000 
  1215.05 1000.00000000000000 
  1218.67 1000.00000000000000 
  1222.29 1000.00000000000000 
  1225.90 1000.00000000000000 
  1229.52 1000.00000000000000 
  1233.14 1000.00000000000000 
  1236.75 1000.00000000000000 
  1240.37 1000.00000000000000 
  1243.99 1000.00000000000000 
  1247.61 1000.00000000000000 
  1251.22 1000.00000000000000 
  1254.84 1000.00000000000000 
  1258.46 1000.00000000000000 
  1262.07 1000.00000000000000 
  1265.69 1000.00000000000000 
  1269.31 1000.00000000000000 
  1272.92 1000.00000000000000 
  1276.54 1000.00000000000000 
  1280.16 1000.00000000000000 
  1283.77 1000.00000000000000 
  1287.39 1000.00000000000000 
  1291.01 1000.00000000000000 
  1294.62 1000.00000000000000 
  1298.24 1000.00000000000000 
  1301.86 1000.00000000000000 
  1305.47 1000.00000000000000 
  1309.09 1000.00000000000000 
  1312.71 1000.00000000000000 
  1316.32 1000.00000000000000 
  1319.94 1000.00000000000000 
  1323.56 1000.00000000000000 
  1327.17 1000.00000000000000 
  1330.79 1000.00000000000000 
  1334.41 1000.00000000000000 
  1338.03 1000.00000000000000 
  1341.64 1000.00000000000000 
  1345.26 1000.00000000000000 
  1348.88 1000.00000000000000 
  1352.49 1000.00000000000000 
  1356.11 1000.00000000000000 
  1359.73 1000.00000000000000 
  1363.34 1000.00000000000000 
  1366.96 1000.00000000000000 
  1370.58 1000.00000000000000 
  1374.19 1000.00000000000000 
  1377.81 1000.00000000000000 
  1381.43 1000.00000000000000 
  1385.04 1000.00000000000000 
  1388.66 1000.00000000000000 
  1392.28 1000.00000000000000 
  1395.89 1000.00000000000000 
  1399.51 1000.00000000000000 
  1403.13 1000.00000000000000 
  1406.74 1000.00000000000000 
  1410.36 1000.00000000000000 
  1413.98 1000.00000000000000 
  1417.60 1000.00000000000000 
  1421.21 1000.00000000000000 
  1424.83 1000.00000000000000 
  1428.45 1000.00000000000000 
  1432.06 1000.00000000000000 
  1435.68 1000.00000000000000 
  1439.30 1000.00000000000000 
  1442.91 1000.00000000000000 
  1446.53 1000.00000000000000 
  1450.15 1000.00000000000000 
  1453.76 1000.00000000000000 
  1457.38 1000.00000000000000 
  1461.00 1000.00000000000000 
  1464.61 1000.00000000000000 
  1468.23 1000.00000000000000 
  1471.85 1000.00000000000000 
  1475.46 1000.00000000000000 
  1479.08 1000.00000000000000 
  1482.70 1000.00000000000000 
  1486.31 1000.00000000000000 
  1489.93 1000.00000000000000 
  1493.55 1000.00000000000000 
  1497.17 1000.00000000000000 
  1500.78 1000.00000000000000 
  1504.40 1000.00000000000000 
  1508.02 1000.00000000000000 
  1511.63 1000.00000000000000 
  1515.25 1000.00000000000000 
  1518.87 1000.00000000000000 
  1522.48 1000.00000000000000 
  1526.10 1000.00000000000000 
  1529.72 1000.00000000000000 
  1533.33 1000.00000000000000 
  1536.95 1000.00000000000000 
  1540.57 1000.00000000000000 
  1544.18 1000.00000000000000 
  1547.80 999.99999984428530 
  1551.42 999.99999967970496 
  1555.03 999.99999936001518 
  1558.65 999.99999875781020 
  1562.27 999.99999765790233 
  1565.88 999.99999571035994 
  1569.50 999.99999236805013 
  1573.12 999.99998680987346 
  1576.74 999.99997785573782 
  1580.35 999.99996388627676 
  1583.97 999.99994278866052 
  1587.59 999.99991195782445 
  1591.20 999.99986838717416 
  1594.82 999.99980888073696 
  1598.44 999.99973040644272 
  1602.05 999.99963058599542 
  1605.67 999.99950828211911 
  1609.29 999.99936420450524 
  1612.90 999.99920142135898 
  1616.52 999.99902564608703 
  1620.14 999.99884517925693 
  1623.75 999.99867042996755 
  1627.37 999.99851301475599 
  1630.99 999.99838452255437 
  1634.60 999.99829511951964 
  1638.22 999.99825222397726 
  1641.84 999.99825949043247 
  1645.45 999.99831629557991 
  1649.07 999.99841782656517 
  1652.69 999.99855575416484 
  1656.30 999.99871936030684 
  1659.92 999.99889690836176 
  1663.54 999.99907701418681 
  1667.16 999.99924979965749 
  1670.77 999.99940767741862 
  1674.39 999.99954570482885 
  1678.01 999.99966153267383 
  1681.62 999.99975504056033 
  1685.24 999.99982778522508 
  1688.86 999.99988238967876 
  1692.47 999.99992197760753 
  1696.09 999.99994972039133 
  1699.71 999.99996852517563 
  1703.32 999.99998086036999 
  1706.94 999.99998869416709 
  1710.56 999.99999351260431 
  1714.17 999.99999638392853 
  1717.79 999.99999804204629 
  1721.41 999.99999897016733 
  1725.02 999.99999947382560 
  1728.64 999.99999973884917 
  1732.26 999.99999987409240 
  1735.87 1000.00000000000000 
  1739.49 1000.00000000000000 
  1743.11 1000.00000000000000 
  1746.73 1000.00000000000000 
  1750.34 1000.00000000000000 
  1753.96 1000.00000000000000 
  1757.58 1000.00000000000000 
  1761.19 1000.00000000000000 
  1764.81 1000.00000000000000 
  1768.43 1000.00000000000000 
  1772.04 1000.00000000000000 
  1775.66 1000.00000000000000 
  1779.28 1000.00000000000000 
  1782.89 1000.00000000000000 
  1786.51 1000.00000000000000 
  1790.13 1000.00000000000000 
  1793.74 1000.00000000000000 
  1797.36 1000.00000000000000 
  1800.98 1000.00000000000000 
  1804.59 1000.00000000000000 
  1808.21 1000.00000000000000 
  1811.83 1000.00000000000000 
  1815.44 1000.00000000000000 
  1819.06 1000.00000000000000 
  1822.68 1000.00000000000000 
  1826.30 1000.00000000000000 
  1829.91 1000.00000000000000 
  1833.53 1000.00000000000000 
  1837.15 1000.00000000000000 
  1840.76 1000.00000000000000 
  1844.38 1000.00000000000000 
  1848.00 1000.00000000000000 
  1851.61 1000.00000000000000 
  1855.23 1000.00000000000000 
  1858.85 1000.00000000000000 
  1862.46 1000.00000000000000 
  1866.08 1000.00000000000000 
  1869.70 1000.00000000000000 
  1873.31 1000.00000000000000 
  1876.93 1000.00000000000000 
  1880.55 1000.00000000000000 
  1884.16 1000.00000000000000 
  1887.78 1000.00000000000000 
  1891.40 1000.00000000000000 
  1895.01 1000.00000000000000 
  1898.63 1000.00000000000000 
  1902.25 1000.00000000000000 
  1905.87 1000.00000000000000 
  1909.48 1000.00000000000000 
  1913.10 1000.00000000000000 
  1916.72 1000.00000000000000 
  1920.33 1000.00000000000000 
  1923.95 1000.00000000000000 
  1927.57 1000.00000000000000 
  1931.18 1000.00000000000000 
  1934.80 1000.00000000000000 
  1938.42 1000.00000000000000 
  1942.03 1000.00000000000000 
  1945.65 1000.00000000000000 
  1949.27 1000.00000000000000 
  1952.88 1000.00000000000000 
  1956.50 1000.00000000000000 
  1960.12 1000.00000000000000 
  1963.73 1000.00000000000000 
  1967.35 1000.00000000000000 
  1970.97 1000.00000000000000 
  1974.58 1000.00000000000000 
  1978.20 1000.00000000000000 
  1981.82 1000.00000000000000 
  1985.43 1000.00000000000000 
  1989.05 1000.00000000000000 
  1992.67 1000.00000000000000 
  1996.29 1000.00000000000000 
  1999.90 1000.00000000000000 
  2003.52 1000.00000000000000 
  2007.14 1000.00000000000000 
  2010.75 1000.00000000000000 
  2014.37 1000.00000000000000 
  2017.99 1000.00000000000000 
  2021.60 1000.00000000000000 
  2025.22 1000.00000000000000 
  2028.84 1000.00000000000000 
  2032.45 1000.00000000000000 
  2036.07 1000.00000000000000 
  2039.69 1000.00000000000000 
  2043.30 1000.00000000000000 
  2046.92 1000.00000000000000 
  2050.54 1000.00000000000000 
  2054.15 1000.00000000000000 
  2057.77 1000.00000000000000 
  2061.39 1000.00000000000000 
  2065.00 1000.00000000000000 
  2068.62 1000.00000000000000 
  2072.24 1000.00000000000000 
  2075.86 1000.00000000000000 
  2079.47 1000.00000000000000 
  2083.09 1000.00000000000000 
  2086.71 1000.00000000000000 
  2090.32 1000.00000000000000 
  2093.94 1000.00000000000000 
  2097.56 1000.00000000000000 
  2101.17 1000.00000000000000 
  2104.79 1000.00000000000000 
  2108.41 1000.00000000000000 
  2112.02 1000.00000000000000 
  2115.64 1000.00000000000000 
  2119.26 1000.00000000000000 
  2122.87 1000.00000000000000 
  2126.49 1000.00000000000000 
  2130.11 1000.00000000000000 
  2133.72 1000.00000000000000 
  2137.34 1000.00000000000000 
  2140.96 1000.00000000000000 
  2144.57 1000.00000000000000 
  2148.19 1000.00000000000000 
  2151.81 1000.00000000000000 
  2155.43 1000.00000000000000 
  2159.04 1000.00000000000000 
  2162.66 1000.00000000000000 
  2166.28 1000.00000000000000 
  2169.89 1000.00000000000000 
  2173.51 1000.00000000000000 
  2177.13 1000.00000000000000 
  2180.74 1000.00000000000000 
  2184.36 1000.00000000000000 
  2187.98 1000.00000000000000 
  2191.59 1000.00000000000000 
  2195.21 1000.00000000000000 
  2198.83 1000.00000000000000 
  2202.44 1000.00000000000000 
  2206.06 1000.00000000000000 
  2209.68 1000.00000000000000 
  2213.29 1000.00000000000000 
  2216.91 1000.00000000000000 
  2220.53 1000.00000000000000 
  2224.14 1000.00000000000000 
  2227.76 1000.00000000000000 
  2231.38 1000.00000000000000 
  2235.00 1000.00000000000000 
  2238.61 1000.00000000000000 
  2242.23 1000.00000000000000 
  2245.85 1000.00000000000000 
  2249.46 1000.00000000000000 
  2253.08 1000.00000000000000 
  2256.70 1000.00000000000000 
  2260.31 1000.00000000000000 
  2263.93 1000.00000000000000 
  2267.55 1000.00000000000000 
  2271.16 1000.00000000000000 
  2274.78 1000.00000000000000 
  2278.40 1000.00000000000000 
  2282.01 1000.00000000000000 
  2285.63 1000.00000000000000 
  2289.25 1000.00000000000000 
  2292.86 1000.00000000000000 
  2296.48 1000.00000000000000 
  2300.10 1000.00000000000000 
  2303.71 1000.00000000000000 
  2307.33 1000.00000000000000 
  2310.95 1000.00000000000000 
  2314.57 1000.00000000000000 
  2318.18 1000.00000000000000 
  2321.80 1000.00000000000000 
  2325.42 1000.00000000000000 
  2329.03 1000.00000000000000 
  2332.65 1000.00000000000000 
  2336.27 1000.00000000000000 
  2339.88 1000.00000000000000 
  2343.50 1000.00000000000000 
  2347.12 1000.00000000000000 
  2350.73 1000.00000000000000 
  2354.35 1000.00000000000000 
  2357.97 1000.00000000000000 
  2361.58 1000.00000000000000 
  2365.20 1000.00000000000000 
  2368.82 1000.00000000000000 
  2372.43 1000.00000000000000 
  2376.05 1000.00000000000000 
  2379.67 1000.00000000000000 
  2383.28 1000.00000000000000 
  2386.90 1000.00000000000000 
  2390.52 1000.00000000000000 
  2394.13 1000.00000000000000 
  2397.75 1000.00000000000000 
  2401.37 1000.00000000000000 
  2404.99 1000.00000000000000 
  2408.60 1000.00000000000000 
  2412.22 1000.00000000000000 
  2415.84 1000.00000000000000 
  2419.45 1000.00000000000000 
  2423.07 1000.00000000000000 
  2426.69 1000.00000000000000 
  2430.30 1000.00000000000000 
  2433.92 1000.00000000000000 
  2437.54 1000.00000000000000 
  2441.15 1000.00000000000000 
  2444.77 1000.00000000000000 
  2448.39 1000.00000000000000 
  2452.00 1000.00000000000000 
  2455.62 1000.00000000000000 
  2459.24 1000.00000000000000 
  2462.85 1000.00000000000000 
  2466.47 1000.00000000000000 
  2470.09 1000.00000000000000 
  2473.70 1000.00000000000000 
  2477.32 1000.00000000000000 
  2480.94 1000.00000000000000 
  2484.56 1000.00000000000000 
  2488.17 1000.00000000000000 
  2491.79 1000.00000000000000 
  2495.41 1000.00000000000000 
  2499.02 1000.00000000000000 
  2502.64 1000.00000000000000 
  2506.26 1000.00000000000000 
  2509.87 1000.00000000000000 
  2513.49 1000.00000000000000 
  2517.11 1000.00000000000000 
  2520.72 1000.00000000000000 
  2524.34 1000.00000000000000 
  2527.96 1000.00000000000000 
  2531.57 1000.00000000000000 
  2535.19 1000.00000000000000 
  2538.81 1000.00000000000000 
  2542.42 1000.00000000000000 
  2546.04 1000.00000000000000 
  2549.66 1000.00000000000000 
  2553.27 1000.00000000000000 
  2556.89 1000.00000000000000 
  2560.51 1000.00000000000000 
  2564.13 1000.00000000000000 
  2567.74 1000.00000000000000 
  2571.36 1000.00000000000000 
  2574.98 1000.00000000000000 
  2578.59 1000.00000000000000 
  2582.21 1000.00000000000000 
  2585.83 1000.00000000000000 
  2589.44 1000.00000000000000 
  2593.06 1000.00000000000000 
  2596.68 1000.00000000000000 
  2600.29 1000.00000000000000 
  2603.91 1000.00000000000000 
  2607.53 1000.00000000000000 
  2611.14 1000.00000000000000 
  2614.76 1000.00000000000000 
  2618.38 1000.00000000000000 
  2621.99 1000.00000000000000 
  2625.61 1000.00000000000000 
  2629.23 1000.00000000000000 
  2632.84 1000.00000000000000 
  2636.46 1000.00000000000000 
  2640.08 1000.00000000000000 
  2643.70 1000.00000000000000 
  2647.31 1000.00000000000000 
  2650.93 1000.00000000000000 
  2654.55 1000.00000000000000 
  2658.16 1000.00000000000000 
  2661.78 1000.00000000000000 
  2665.40 1000.00000000000000 
  2669.01 1000.00000000000000 
  2672.63 1000.00000000000000 
  2676.25 1000.00000000000000 
  2679.86 1000.00000000000000 
  2683.48 1000.00000000000000 
  2687.10 1000.00000000000000 
  2690.71 1000.00000000000000 
  2694.33 1000.00000000000000 
  2697.95 1000.00000000000000 
  2701.56 1000.00000000000000 
  2705.18 1000.00000000000000 
  2708.80 1000.00000000000000 
  2712.41 1000.00000000000000 
  2716.03 1000.00000000000000 
  2719.65 1000.00000000000000 
  2723.26 1000.00000000000000 
  2726.88 1000.00000000000000 
  2730.50 1000.00000000000000 
  2734.12 1000.00000000000000 
  2737.73 1000.00000000000000 
  2741.35 1000.00000000000000 
  2744.97 1000.00000000000000 
  2748.58 1000.00000000000000 
  2752.20 1000.00000000000000 
  2755.82 1000.00000000000000 
  2759.43 1000.00000000000000 
  2763.05 1000.00000000000000 
  2766.67 1000.00000000000000 
  2770.28 1000.00000000000000 
  2773.90 1000.00000000000000 
  2777.52 1000.00000000000000 
  2781.13 1000.00000000000000 
  2784.75 1000.00000000000000 
  2788.37 1000.00000000000000 
  2791.98 1000.00000000000000 
  2795.60 1000.00000000000000 
  2799.22 1000.00000000000000 
  2802.83 1000.00000000000000 
  2806.45 1000.00000000000000 
  2810.07 1000.00000000000000 
  2813.69 1000.00000000000000 
  2817.30 1000.00000000000000 
  2820.92 1000.00000000000000 
  2824.54 1000.00000000000000 
  2828.15 1000.00000000000000 
  2831.77 1000.00000000000000 
  2835.39 1000.00000000000000 
  2839.00 1000.00000000000000 
  2842.62 1000.00000000000000 
  2846.24 1000.00000000000000 
  2849.85 1000.00000000000000 
  2853.47 1000.00000000000000 
  2857.09 1000.00000000000000 
  2860.70 1000.00000000000000 
  2864.32 1000.00000000000000 
  2867.94 1000.00000000000000 
  2871.55 1000.00000000000000 
  2875.17 1000.00000000000000 
  2878.79 1000.00000000000000 
  2882.40 1000.00000000000000 
  2886.02 1000.00000000000000 
  2889.64 1000.00000000000000 
  2893.26 1000.00000000000000 
  2896.87 1000.00000000000000 
  2900.49 1000.00000000000000 
  2904.11 1000.00000000000000 
  2907.72 1000.00000000000000 
  2911.34 1000.00000000000000 
  2914.96 1000.00000000000000 
  2918.57 1000.00000000000000 
  2922.19 1000.00000000000000 
  2925.81 1000.00000000000000 
  2929.42 1000.00000000000000 
  2933.04 1000.00000000000000 
  2936.66 1000.00000000000000 
  2940.27 1000.00000000000000 
  2943.89 1000.00000000000000 
  2947.51 1000.00000000000000 
  2951.12 1000.00000000000000 
  2954.74 1000.00000000000000 
  2958.36 1000.00000000000000 
  2961.97 1000.00000000000000 
  2965.59 1000.00000000000000 
  2969.21 1000.00000000000000 
  2972.83 1000.00000000000000 
  2976.44 1000.00000000000000 
  2980.06 1000.00000000000000 
  2983.68 1000.00000000000000 
  2987.29 1000.00000000000000 
  2990.91 1000.00000000000000 
  2994.53 1000.00000000000000 
  2998.14 1000.00000000000000 
  3001.76 1000.00000000000000 
  3005.38 1000.00000000000000 
  3008.99 1000.00000000000000 
  3012.61 1000.00000000000000 
  3016.23 1000.00000000000000 
  3019.84 1000.00000000000000 
  3023.46 1000.00000000000000 
  3027.08 1000.00000000000000 
  3030.69 1000.00000000000000 
  3034.31 1000.00000000000000 
  3037.93 1000.00000000000000 
  3041.54 1000.00000000000000 
  3045.16 1000.00000000000000 
  3048.78 1000.00000000000000 
  3052.39 1000.00000000000000 
  3056.01 1000.00000000000000 
  3059.63 1000.00000000000000 
  3063.25 1000.00000000000000 
  3066.86 1000.00000000000000 
  3070.48 1000.00000000000000 
  3074.10 1000.00000000000000 
  3077.71 1000.00000000000000 
  3081.33 1000.00000000000000 
  3084.95 1000.00000000000000 
  3088.56 1000.00000000000000 
  3092.18 1000.00000000000000 
  3095.80 1000.00000000000000 
  3099.41 1000.00000000000000 
  3103.03 1000.00000000000000 
  3106.65 1000.00000000000000 
  3110.26 1000.00000000000000 
  3113.88 1000.00000000000000 
  3117.50 1000.00000000000000 
  3121.11 1000.00000000000000 
  3124.73 1000.00000000000000 
  3128.35 1000.00000000000000 
  3131.96 1000.00000000000000 
  3135.58 1000.00000000000000 
  3139.20 1000.00000000000000 
  3142.82 1000.00000000000000 
  3146.43 1000.00000000000000 
  3150.05 1000.00000000000000 
  3153.67 1000.00000000000000 
  3157.28 1000.00000000000000 
  3160.90 1000.00000000000000 
  3164.52 1000.00000000000000 
  3168.13 1000.00000000000000 
  3171.75 1000.00000000000000 
  3175.37 1000.00000000000000 
  3178.98 1000.00000000000000 
  3182.60 1000.00000000000000 
  3186.22 1000.00000000000000 
  3189.83 1000.00000000000000 
  3193.45 1000.00000000000000 
  3197.07 1000.00000000000000 
  3200.68 1000.00000000000000 
  3204.30 1000.00000000000000 
  3207.92 1000.00000000000000 
  3211.53 999.99999980811583 
  3215.15 999.99999959861418 
  3218.77 999.99999918438789 
  3222.39 999.99999839008069 
  3226.00 999.99999691309438 
  3229.62 999.99999425035003 
  3233.24 999.99998959700838 
  3236.85 999.99998171588709 
  3240.47 999.99996878320314 
  3244.09 999.99994822720873 
  3247.70 999.99991659086402 
  3251.32 999.99986946575450 
  3254.94 999.99980155776791 
  3258.55 999.99970694944852 
  3262.17 999.99957961251198 
  3265.79 999.99941419129675 
  3269.40 999.99920702287977 
  3273.02 999.99895728818842 
  3276.64 999.99866811499714 
  3280.25 999.99834739918140 
  3283.87 999.99800809786279 
  3287.49 999.99766779441597 
  3291.10 999.99734744459886 
  3294.72 999.99706937064798 
  3298.34 999.99685474308433 
  3301.96 999.99672093401523 
  3305.57 999.99667919797309 
  3309.19 999.99673273460769 
  3312.81 999.99687727594187 
  3316.42 999.99710031420739 
  3320.04 999.99738351566384 
  3323.66 999.99770483974055 
  3327.27 999.99804105873466 
  3330.89 999.99837004370420 
  3334.51 999.99867244707229 
  3338.12 999.99893257584540 
  3341.74 999.99913844288915 
  3345.36 999.99928116292392 
  3348.97 999.99935398970524 
  3352.59 999.99935135105545 
  3356.21 999.99926822380394 
  3359.82 999.99910010763597 
  3363.44 999.99884371946337 
  3367.06 999.99849835812540 
  3370.67 999.99806770877399 
  3374.29 999.99756169927025 
  3377.91 999.99699792356523 
  3381.52 999.99640214333260 
  3385.14 999.99580749016263 
  3388.76 999.99525221319709 
  3392.38 999.99477611668351 
  3395.99 999.99441614487057 
  3399.61 999.99420181871926 
  3403.23 999.99415141794088 
  3406.84 999.99426912108140 
  3410.46 999.99454505121867 
  3414.08 999.99495618764956 
  3417.69 999.99546971041832 
  3421.31 999.99604731864133 
  3424.93 999.99664991021370 
  3428.54 999.99724183726028 
  3432.16 999.99779411876159 
  3435.78 999.99828626697570 
  3439.39 999.99870668890310 
  3443.01 999.99905188363834 
  3446.63 999.99932482076395 
  3450.24 999.99953293716226 
  3453.86 999.99968614406282 
  3457.48 999.99979512725668 
  3461.09 999.99987009172492 
  3464.71 999.99991998189739 
  3468.33 999.99995212172655 
  3471.95 999.99997217164650 
  3475.56 999.99998428785989 
  3479.18 999.99999138248654 
  3482.80 999.99999540878741 
  3486.41 999.99999762386221 
  3490.03 999.99999880542157 
  3493.65 999.99999941661338 
  3497.26 999.99999972324395 
  3500.88 1000.00000000000000 
  3504.50 1000.00000000000000 
  3508.11 1000.00000000000000 
  3511.73 1000.00000000000000 
  3515.35 1000.00000000000000 
  3518.96 1000.00000000000000 
  3522.58 1000.00000000000000 
  3526.20 1000.00000000000000 
  3529.81 1000.00000000000000 
  3533.43 1000.00000000000000 
  3537.05 1000.00000000000000 
  3540.66 1000.00000000000000 
  3544.28 1000.00000000000000 
  3547.90 1000.00000000000000 
  3551.52 1000.00000000000000 
  3555.13 1000.00000000000000 
  3558.75 1000.00000000000000 
  3562.37 1000.00000000000000 
  3565.98 1000.00000000000000 
  3569.60 1000.00000000000000 
  3573.22 1000.00000000000000 
  3576.83 1000.00000000000000 
  3580.45 1000.00000000000000 
  3584.07 1000.00000000000000 
  3587.68 1000.00000000000000 
  3591.30 1000.00000000000000 
  3594.92 1000.00000000000000 
  3598.53 1000.00000000000000 
  3602.15 1000.00000000000000 
  3605.77 1000.00000000000000 
  3609.38 1000.00000000000000 
  3613.00 1000.00000000000000 
  3616.62 1000.00000000000000 
  3620.23 1000.00000000000000 
  3623.85 1000.00000000000000 
  3627.47 1000.00000000000000 
  3631.09 1000.00000000000000 
  3634.70 1000.00000000000000 
  3638.32 1000.00000000000000 
  3641.94 1000.00000000000000 
  3645.55 1000.00000000000000 
  3649.17 1000.00000000000000 
  3652.79 1000.00000000000000 
  3656.40 1000.00000000000000 
  3660.02 1000.00000000000000 
  3663.64 1000.00000000000000 
  3667.25 1000.00000000000000 
  3670.87 1000.00000000000000 
  3674.49 1000.00000000000000 
  3678.10 1000.00000000000000 
  3681.72 1000.00000000000000 
  3685.34 1000.00000000000000 
  3688.95 1000.00000000000000 
  3692.57 1000.00000000000000 
  3696.19 1000.00000000000000 
  3699.80 1000.00000000000000 
  3703.42 1000.00000000000000 
  3707.04 1000.00000000000000 
  3710.65 1000.00000000000000 
  3714.27 1000.00000000000000 
  3717.89 1000.00000000000000 
  3721.51 1000.00000000000000 
  3725.12 1000.00000000000000 
  3728.74 1000.00000000000000 
  3732.36 1000.00000000000000 
  3735.97 1000.00000000000000 
  3739.59 1000.00000000000000 
  3743.21 1000.00000000000000 
  3746.82 1000.00000000000000 
  3750.44 1000.00000000000000 
  3754.06 1000.00000000000000 
  3757.67 1000.00000000000000 
  3761.29 1000.00000000000000 
  3764.91 1000.00000000000000 
  3768.52 1000.00000000000000 
  3772.14 1000.00000000000000 
  3775.76 1000.00000000000000 
  3779.37 1000.00000000000000 
  3782.99 1000.00000000000000 
  3786.61 1000.00000000000000 
  3790.22 1000.00000000000000 
  3793.84 1000.00000000000000 
  3797.46 1000.00000000000000 
  3801.08 1000.00000000000000 
  3804.69 1000.00000000000000 
  3808.31 1000.00000000000000 
  3811.93 1000.00000000000000 
  3815.54 1000.00000000000000 
  3819.16 1000.00000000000000 
  3822.78 1000.00000000000000 
  3826.39 1000.00000000000000 
  3830.01 1000.00000000000000 
  3833.63 1000.00000000000000 
  3837.24 1000.00000000000000 
  3840.86 1000.00000000000000 
  3844.48 1000.00000000000000 
  3848.09 1000.00000000000000 
  3851.71 1000.00000000000000 
  3855.33 1000.00000000000000 
  3858.94 1000.00000000000000 
  3862.56 1000.00000000000000 
  3866.18 1000.00000000000000 
  3869.79 1000.00000000000000 
  3873.41 1000.00000000000000 
  3877.03 1000.00000000000000 
  3880.65 1000.00000000000000 
  3884.26 1000.00000000000000 
  3887.88 1000.00000000000000 
  3891.50 1000.00000000000000 
  3895.11 1000.00000000000000 
  3898.73 1000.00000000000000 
  3902.35 1000.00000000000000 
  3905.96 1000.00000000000000 
  3909.58 1000.00000000000000 
  3913.20 1000.00000000000000 
  3916.81 1000.00000000000000 
  3920.43 1000.00000000000000 
  3924.05 1000.00000000000000 
  3927.66 1000.00000000000000 
  3931.28 1000.00000000000000 
  3934.90 1000.00000000000000 
  3938.51 1000.00000000000000 
  3942.13 1000.00000000000000 
  3945.75 1000.00000000000000 
  3949.36 1000.00000000000000 
  3952.98 1000.00000000000000 
  3956.60 1000.00000000000000 
  3960.22 1000.00000000000000 
  3963.83 1000.00000000000000 
  3967.45 1000.00000000000000 
  3971.07 1000.00000000000000 
  3974.68 1000.00000000000000 
  3978.30 1000.00000000000000 
  3981.92 1000.00000000000000 
  3985.53 1000.00000000000000 
  3989.15 1000.00000000000000 
  3992.77 1000.00000000000000 
  3996.38 1000.00000000000000 
  4000.00 1000.00000000000000 
